ARMA_MAT_TXT_FN008
40 1
   9.90330716887014e-01
   1.82750588041149e+00
   1.57205596873304e+00
   2.78014613719498e+00
   1.75148348540791e-01
   6.36026396650570e-01
   5.08976585635527e-01
   1.03456218096443e+00
   1.12224995005844e-02
   4.58360096460074e-03
   1.08925754473029e-02
   2.26474914811109e-02
   1.30784772419312e+00
   2.09699355720211e+00
   1.26863449732000e-01
   3.32638479547101e-01
   2.88709329459140e+00
   3.23312118166537e+00
   4.15398211761491e-01
   3.83013304372487e-01
   2.62594408615065e+00
   2.42466632636264e+00
   4.53370889481476e-01
   1.37273211289696e+00
   7.92345724561874e-01
   7.45671139680586e-01
   1.78767040254985e-01
   1.84212652829013e-01
   1.22966314795532e-02
   2.86076776056978e-02
   1.10212713132660e-02
   1.91076075411376e-02
   0.00000000000000e+00
   0.00000000000000e+00
   0.00000000000000e+00
   0.00000000000000e+00
   0.00000000000000e+00
   0.00000000000000e+00
   0.00000000000000e+00
   0.00000000000000e+00
