ARMA_MAT_TXT_FN008
40 1
   2.52334025574000e+01
   2.52334025574000e+01
   2.52334025574000e+01
   2.52334025574000e+01
   2.52334025574000e+01
   2.52334025574000e+01
   2.52334025574000e+01
   2.52334025574000e+01
   2.52334025574000e+01
   2.52334025574000e+01
   2.52334025574000e+01
   2.52334025574000e+01
   2.52334025574000e+01
   2.52334025574000e+01
   2.52334025574000e+01
   2.52334025574000e+01
   2.52334025574000e+01
   2.52334025574000e+01
   2.52334025574000e+01
   2.52334025574000e+01
   2.52334025574000e+01
   2.52334025574000e+01
   2.52334025574000e+01
   2.52334025574000e+01
   2.52334025574000e+01
   2.52334025574000e+01
   2.52334025574000e+01
   2.52334025574000e+01
   2.52334025574000e+01
   2.52334025574000e+01
   2.52334025574000e+01
   2.52334025574000e+01
   2.52334025574000e+01
   2.52334025574000e+01
   2.52334025574000e+01
   2.52334025574000e+01
   2.52334025574000e+01
   2.52334025574000e+01
   2.52334025574000e+01
   2.52334025574000e+01
