ARMA_MAT_TXT_FN008
40 1
   2.50590174456837e+01
   4.69208813092802e+01
   2.01940823143366e+01
   3.91820306742745e+01
   4.41813768920415e+00
   1.83582478130133e+01
   6.59732787121778e+00
   1.68447249461986e+01
   3.65084312128388e-01
   1.66528721460192e-01
   2.10279300572062e-01
   5.35188209673877e-01
   1.30702169163469e+01
   5.22152139598978e+00
   1.78693146770986e+00
   3.99112361573392e+00
   9.85513955702747e+00
   1.48972636275589e+00
   3.63995197766324e+00
   1.43984978032629e+00
   4.28010261329667e+01
   4.25742262572265e+01
   1.31233505581233e+01
   4.11679387243356e+01
   1.74716343305266e+01
   1.89228523941675e+01
   6.08317284198884e+00
   6.97424233441675e+00
   4.46013100330320e-01
   1.09093107546683e+00
   4.62832683563898e-01
   8.30629735349523e-01
   0.00000000000000e+00
   0.00000000000000e+00
   0.00000000000000e+00
   0.00000000000000e+00
   0.00000000000000e+00
   0.00000000000000e+00
   0.00000000000000e+00
   0.00000000000000e+00
